1 2 5
1 3 3
1 4 8
2 3 6
2 5 2
3 4 4
3 6 7
4 7 9
5 6 1
5 8 5
6 7 3
6 9 6
7 10 4
8 9 8
8 11 2
9 10 5
9 12 7
10 13 3
11 12 4
11 14 6
12 13 2
12 15 5
13 16 8
14 15 3
14 17 7
15 16 4
15 18 6
16 19 5
17 18 2
17 20 9
18 19 3
18 21 8
19 22 4
20 21 5
20 23 6
21 22 7
21 24 3
22 25 2
23 24 8
23 26 5
24 25 4
24 27 6
25 28 7
26 27 3
26 29 9
27 28 2
27 30 5
28 31 4
29 30 6
29 32 8
30 31 3
30 33 7
31 34 5
32 33 4
32 35 2
33 34 6
33 36 9
34 37 3
35 36 5
35 38 8
36 37 4
36 39 6
37 40 7
38 39 2
38 41 5
39 40 3
39 42 8
40 43 6
41 42 4
41 44 7
42 43 5
42 45 3
43 46 9
44 45 6
44 47 2
45 46 4
45 48 8
46 49 5
47 48 3
47 50 7
48 49 6
48 1 4
49 50 2
49 2 5
50 1 3
50 3 8
20 1 4
30 2 6
40 3 3
10 40 5
25 50 7
15 35 2
5 25 9
35 15 4
