# Shots: id x z (units: meters)
1 5.00 18.50
2 5.00 33.93
3 5.00 49.36
4 5.00 64.79
5 5.00 80.21
6 5.00 95.64
7 5.00 111.07
8 5.00 126.50

# Receivers: id x z (units: meters)
1 140.00 11.75
2 140.00 16.81
3 140.00 21.88
4 140.00 26.94
5 140.00 32.00
6 140.00 37.06
7 140.00 42.12
8 140.00 47.19
9 140.00 52.25
10 140.00 57.31
11 140.00 62.38
12 140.00 67.44
13 140.00 72.50
14 140.00 77.56
15 140.00 82.62
16 140.00 87.69
17 140.00 92.75
18 140.00 97.81
19 140.00 102.88
20 140.00 107.94
21 140.00 113.00
22 140.00 118.06
23 140.00 123.12
24 140.00 128.19
25 140.00 133.25
