# Travel time data: shot_id receiver_id observed_time [calculated_time] [residual]
# Units: time in seconds
1 1 0.071002
1 2 0.068561
1 3 0.069506
1 4 0.070580
1 5 0.070643
1 6 0.072386
1 7 0.073741
1 8 0.074238
1 9 0.075071
1 10 0.076964
1 11 0.079118
1 12 0.080592
1 13 0.080313
1 14 0.084287
1 15 0.084822
1 16 0.087937
1 17 0.086946
1 18 0.090893
1 19 0.093454
1 20 0.094413
1 21 0.097165
1 22 0.096283
1 23 0.100165
1 24 0.099486
1 25 0.101629
2 1 0.073607
2 2 0.072356
2 3 0.073767
2 4 0.073371
2 5 0.071455
2 6 0.071742
2 7 0.073215
2 8 0.073109
2 9 0.075006
2 10 0.076629
2 11 0.077344
2 12 0.078664
2 13 0.079741
2 14 0.082489
2 15 0.084347
2 16 0.083764
2 17 0.086179
2 18 0.088421
2 19 0.091019
2 20 0.091710
2 21 0.093430
2 22 0.093837
2 23 0.094185
2 24 0.094529
2 25 0.096477
3 1 0.078832
3 2 0.076496
3 3 0.076527
3 4 0.074721
3 5 0.076801
3 6 0.075367
3 7 0.074920
3 8 0.074893
3 9 0.074274
3 10 0.077048
3 11 0.078777
3 12 0.079916
3 13 0.078264
3 14 0.082530
3 15 0.083687
3 16 0.084973
3 17 0.087089
3 18 0.085547
3 19 0.085755
3 20 0.087400
3 21 0.088175
3 22 0.088411
3 23 0.090993
3 24 0.090219
3 25 0.091499
4 1 0.082214
4 2 0.080204
4 3 0.079982
4 4 0.079225
4 5 0.079105
4 6 0.078628
4 7 0.078428
4 8 0.078872
4 9 0.077387
4 10 0.077760
4 11 0.077850
4 12 0.078533
4 13 0.078648
4 14 0.082985
4 15 0.082162
4 16 0.082317
4 17 0.081847
4 18 0.083176
4 19 0.081498
4 20 0.080979
4 21 0.084479
4 22 0.082323
4 23 0.085613
4 24 0.083518
4 25 0.086167
5 1 0.087217
5 2 0.085331
5 3 0.083736
5 4 0.083164
5 5 0.083730
5 6 0.082660
5 7 0.082972
5 8 0.081929
5 9 0.083653
5 10 0.082912
5 11 0.081557
5 12 0.080989
5 13 0.080650
5 14 0.077646
5 15 0.077973
5 16 0.078862
5 17 0.078611
5 18 0.078060
5 19 0.078196
5 20 0.080384
5 21 0.078055
5 22 0.079157
5 23 0.080937
5 24 0.081439
5 25 0.081297
6 1 0.091841
6 2 0.091569
6 3 0.090420
6 4 0.089592
6 5 0.088678
6 6 0.087786
6 7 0.086893
6 8 0.086467
6 9 0.086428
6 10 0.084206
6 11 0.084413
6 12 0.082364
6 13 0.081895
6 14 0.078926
6 15 0.078514
6 16 0.076646
6 17 0.075522
6 18 0.075894
6 19 0.076017
6 20 0.075848
6 21 0.075032
6 22 0.075131
6 23 0.076450
6 24 0.077708
6 25 0.077417
7 1 0.097171
7 2 0.096318
7 3 0.094434
7 4 0.094795
7 5 0.093570
7 6 0.093305
7 7 0.091516
7 8 0.089924
7 9 0.087796
7 10 0.086333
7 11 0.083957
7 12 0.085000
7 13 0.080372
7 14 0.077765
7 15 0.078124
7 16 0.076175
7 17 0.076428
7 18 0.073652
7 19 0.073741
7 20 0.072119
7 21 0.073285
7 22 0.072021
7 23 0.071616
7 24 0.072247
7 25 0.073905
8 1 0.101130
8 2 0.100476
8 3 0.098141
8 4 0.099430
8 5 0.096945
8 6 0.095219
8 7 0.093639
8 8 0.090135
8 9 0.088751
8 10 0.087331
8 11 0.087627
8 12 0.085263
8 13 0.083025
8 14 0.078949
8 15 0.078459
8 16 0.077849
8 17 0.076939
8 18 0.074215
8 19 0.074451
8 20 0.073072
8 21 0.072328
8 22 0.071391
8 23 0.069046
8 24 0.069960
8 25 0.070088
